%%%%%%%%%%%%%%%%%%%%%%%%%%%%%%%%%%%%%%%%%%%%%%%%%
%						                        %
%     DADOS DO SISTEMA DE 30 BARRAS DO IEEE     %
%					                           	%     
%%%%%%%%%%%%%%%%%%%%%%%%%%%%%%%%%%%%%%%%%%%%%%%%%


%-----  DADOS DAS LINHAS DE TRANSMISSÃO  -----

%bini  bfin circ    R        X        C        a       amin     amax
LT = [
    1    2    1    1.920    5.750    5.280    0.000    0.000    0.000  
    1    3    1    4.520   16.520    4.080    0.000    0.000    0.000  
    2    4    1    5.700   17.370    3.680    0.000    0.000    0.000  
    3    4    1    1.320    3.790    0.840    0.000    0.000    0.000  
    2    5    1    4.720   19.830    4.180    0.000    0.000    0.000  
    2    6    1    5.810   17.630    3.740    0.000    0.000    0.000  
    4    6    1    1.190    4.140    0.900    0.000    0.000    0.000  
    5    7    1    4.600   11.600    2.040    0.000    0.000    0.000  
    6    7    1    2.670    8.200    1.700    0.000    0.000    0.000  
    6    8    1    1.200    4.200    0.900    0.000    0.000    0.000  
    6    9    1    0.000   20.800    0.000    0.978    0.900    1.100  
    6   10    1    0.000   55.600    0.000    0.969    0.900    1.100  
    9   11    1    0.000   20.800    0.000    0.000    0.000    0.000  
    9   10    1    0.000   11.000    0.000    0.000    0.000    0.000  
    4   12    1    0.000   25.600    0.000    0.932    0.900    1.100  
   12   13    1    0.000   14.000    0.000    0.000    0.000    0.000  
   12   14    1   12.310   25.590    0.000    0.000    0.000    0.000  
   12   15    1    6.620   13.040    0.000    0.000    0.000    0.000  
   12   16    1    9.450   19.870    0.000    0.000    0.000    0.000  
   14   15    1   22.100   19.970    0.000    0.000    0.000    0.000  
   16   17    1    5.240   19.230    0.000    0.000    0.000    0.000  
   15   18    1   10.730   21.850    0.000    0.000    0.000    0.000  
   18   19    1    6.390   12.920    0.000    0.000    0.000    0.000  
   19   20    1    3.400    6.800    0.000    0.000    0.000    0.000  
   10   20    1    9.360   20.900    0.000    0.000    0.000    0.000  
   10   17    1    3.240    8.450    0.000    0.000    0.000    0.000  
   10   21    1    3.480    7.490    0.000    0.000    0.000    0.000  
   10   22    1    7.270   14.990    0.000    0.000    0.000    0.000  
   21   22    1    1.160    2.360    0.000    0.000    0.000    0.000  
   15   23    1   10.000   20.200    0.000    0.000    0.000    0.000  
   22   24    1   11.500   17.900    0.000    0.000    0.000    0.000  
   23   24    1   13.200   27.000    0.000    0.000    0.000    0.000  
   24   25    1   18.850   32.920    0.000    0.000    0.000    0.000  
   25   26    1   25.440   38.000    0.000    0.000    0.000    0.000  
   25   27    1   10.930   20.870    0.000    0.000    0.000    0.000  
   28   27    1    0.000   39.600    0.000    0.968    0.900    1.100  
   27   29    1   21.980   41.530    0.000    0.000    0.000    0.000  
   27   30    1   32.020   60.270    0.000    0.000    0.000    0.000  
   29   30    1   23.990   45.330    0.000    0.000    0.000    0.000  
    8   28    1    6.360   20.000    4.280    0.000    0.000    0.000  
    6   28    1    1.690    5.990    1.300    0.000    0.000    0.000  
   ];


%-----  DADOS DAS BARRAS  -----

Sbase = 100; % MVA

%barra Tipo  V       ang      Pg         Qg       Qgmin     Qgmax       Pd       %Qd      shunt      Area

barras = [
    1   2   1.030    0.00    200.00    -16.10   -100.00    100.00      0.00      0.00      0.00       1
    2   1   1.030    0.00     50.00     50.00    -50.00     50.00     21.70     12.70      0.00       1
    3   0   1.015    0.00      0.00      0.00      0.00      0.00      2.40      1.20      0.00       1
    4   0   1.006    0.00      0.00      0.00      0.00      0.00      7.60      1.60      0.00       1
    5   1   1.020    0.00     50.00     37.00    -50.00     50.00     94.20     19.00      0.00       2
    6   0   1.010    0.00      0.00      0.00      0.00      0.00      0.00      0.00      0.00       2
    7   0   1.002    0.00      0.00      0.00      0.00      0.00     22.80     10.90      0.00       2
    8   1   1.000    0.00     40.00     37.30    -50.00     50.00     30.00     30.00      0.00       3
    9   0   1.051    0.00      0.00      0.00      0.00      0.00      0.00      0.00      0.00       2
   10   0   1.032    0.00      0.00      0.00      0.00      0.00      5.80      2.00     19.00       2
   11   1   1.030    0.00     30.00     16.20    -50.00     50.00      0.00      0.00      0.00       2
   12   0   1.041    0.00      0.00      0.00      0.00      0.00     11.20      7.50      0.00       1
   13   1   1.022    0.00      0.00     10.60    -30.00     30.00      0.00      0.00      0.00       1
   14   0   1.025    0.00      0.00      0.00      0.00      0.00      6.20      1.60      0.00       1
   15   0   1.038    0.00      0.00      0.00      0.00      0.00      8.20      2.50      0.00       1
   16   0   1.045    0.00      0.00      0.00      0.00      0.00      3.50      1.80      0.00       2
   17   0   1.025    0.00      0.00      0.00      0.00      0.00      9.00      5.80      0.00       2
   18   0   1.028    0.00      0.00      0.00      0.00      0.00      3.20      0.90      0.00       2
   19   0   1.026    0.00      0.00      0.00      0.00      0.00      9.50      3.40      0.00       2
   20   0   1.030    0.00      0.00      0.00      0.00      0.00      2.20      0.70      0.00       2
   21   0   1.033    0.00      0.00      0.00      0.00      0.00     17.50     11.20      0.00       2
   22   0   1.033    0.00      0.00      0.00      0.00      0.00      0.00      0.00      0.00       2
   23   0   1.027    0.00      0.00      0.00      0.00      0.00      3.20      1.60      0.00       1
   24   0   1.021    0.00      0.00      0.00      0.00      0.00      8.70      6.70      4.30       3
   25   0   1.017    0.00      0.00      0.00      0.00      0.00      0.00      0.00      0.00       3
   26   0   0.987    0.00      0.00      0.00      0.00      0.00      3.50      2.30      0.00       3
   27   0   1.023    0.00      0.00      0.00      0.00      0.00      0.00      0.00      0.00       3
   28   0   1.007    0.00      0.00      0.00      0.00      0.00      0.00      0.00      0.00       3
   29   0   1.003    0.00      0.00      0.00      0.00      0.00      2.40      0.90      0.00       3
   30   0   0.992    0.00      0.00      0.00      0.00      0.00     10.60      1.90      0.00       3
   ];


%-----  LIMITES  -----

%barra Vmin Vmax Pgmin PGmax

Lim = [
  1  0.90  1.05  0.0   300.0  200.00 250.00
  2  0.90  1.05  0.0   100.0  185.00 185.00
  3  0.90  1.05  0.0     0.0  000.00 000.00
  4  0.90  1.05  0.0     0.0  000.00 000.00
  5  0.90  1.05  0.0   100.0  100.00 225.00
  6  0.90  1.05  0.0     0.0  000.00 000.00
  7  0.90  1.05  0.0     0.0  000.00 000.00
  8  0.90  1.05  0.0   100.0  225.00 235.00
  9  0.90  1.05  0.0     0.0  000.00 000.00
 10  0.90  1.05  0.0     0.0  000.00 000.00
 11  0.90  1.05  0.0   100.0  325.00 350.00
 12  0.90  1.05  0.0     0.0  000.00 000.00
 13  0.90  1.05  0.0   100.0  300.00 250.00
 14  0.90  1.05  0.0     0.0  000.00 000.00
 15  0.90  1.05  0.0     0.0  000.00 000.00
 16  0.90  1.05  0.0     0.0  000.00 000.00
 17  0.90  1.05  0.0     0.0  000.00 000.00
 18  0.90  1.05  0.0     0.0  000.00 000.00
 19  0.90  1.05  0.0     0.0  000.00 000.00
 20  0.90  1.05  0.0     0.0  000.00 000.00
 21  0.90  1.05  0.0     0.0  000.00 000.00
 22  0.90  1.05  0.0     0.0  000.00 000.00
 23  0.90  1.05  0.0     0.0  000.00 000.00
 24  0.90  1.05  0.0     0.0  000.00 000.00
 25  0.90  1.05  0.0     0.0  000.00 000.00
 26  0.90  1.05  0.0     0.0  000.00 000.00
 27  0.90  1.05  0.0     0.0  000.00 000.00
 28  0.90  1.05  0.0     0.0  000.00 000.00
 29  0.90  1.05  0.0     0.0  000.00 000.00
 30  0.90  1.05  0.0     0.0  000.00 000.00
 ];

