%SISTEMA CONVERTIDO DO ARQUIVO ANAREDE - 107Barra.PWF

%DADOS DE BARRA
%Bar T  Vesp  Ang.  PG    QG    Qgn   QGm    PL   Ql    SH      Area
barras=[
  12     1  0.982   -0.00    300.00   -166.53   -540.00    420.00      0.00      0.00         00     1
  16     1  0.996   -0.00    800.00     -6.97   -720.00    480.00      0.00      0.00         00     1
  18     2  0.987    0.00   1015.81   -346.39   -546.00    600.00      0.00      0.00         00     1
  20     4  0.973    0.00    900.00   -290.02   -640.00    640.00      0.00      0.00         00     1
  21     1  1.000   -0.01    140.00    -11.80    -80.00     84.00      0.00      0.00         00     3
  22     1  0.997    0.00    150.00      0.76   -120.00    126.00      0.00      0.00         00     1
  35     1  0.995   -0.00    200.00      3.33   -180.00    180.00      0.00      0.00         00     1
  48     1  0.981   -0.01      0.05   -334.82  -1080.00   1200.00      0.00      0.00         00     1
  86     0  1.005   -0.01      0.00      0.00      0.00      0.00     66.00      1.20         00     1
 100     0  1.017   -0.00      0.00      0.00      0.00      0.00      0.00      0.00         00     1
 101     0  1.025   -0.00      0.00      0.00      0.00      0.00      0.00      0.00       -200     1
 102     0  1.014   -0.01      0.00      0.00      0.00      0.00      0.00      0.00       -100     1
 103     0  1.028   -0.01      0.00      0.00      0.00      0.00      0.00      0.00         00     1
 104     0  1.009   -0.01      0.00      0.00      0.00      0.00    910.00    235.00         00     1
 106     0  0.997   -0.01      0.00      0.00      0.00      0.00      0.00      0.00       -100     1
 120     0  1.006   -0.01      0.00      0.00      0.00      0.00    180.00     90.00         00     1
 122     0  1.030   -0.01      0.00      0.00      0.00      0.00    200.00     38.00         00     1
 123     0  0.993   -0.01      0.00      0.00      0.00      0.00    450.00    175.00         00     1
 126     0  1.007   -0.01      0.00      0.00      0.00      0.00    290.00     95.00         00     1
 131     0  1.006   -0.00      0.00      0.00      0.00      0.00      0.00      0.00         00     1
 134     0  1.004   -0.00      0.00      0.00      0.00      0.00      0.00      0.00         00     1
 136     0  1.004   -0.00      0.00      0.00      0.00      0.00     54.00     23.00         00     1
 138     0  0.995   -0.01      0.00      0.00      0.00      0.00     72.00     34.00         00     1
 140     0  0.970   -0.01      0.00      0.00      0.00      0.00    700.00    250.00         00     1
 210     0  1.012   -0.00      0.00      0.00      0.00      0.00      0.00      0.00         00     1
 213     0  1.015   -0.00      0.00      0.00      0.00      0.00     93.00     39.00         00     1
 216     0  1.019   -0.00      0.00      0.00      0.00      0.00     53.00     25.00         00     1
 217     0  1.014   -0.00      0.00      0.00      0.00      0.00    364.00     58.00         00     1
 218     0  0.982   -0.01      0.00      0.00      0.00      0.00    600.00    200.00         00     1
 219     0  0.986   -0.00      0.00      0.00      0.00      0.00      0.00      0.00         00     1
 220     0  1.023   -0.00      0.00      0.00      0.00      0.00      0.00      0.00         00     1
 225     0  1.005   -0.00      0.00      0.00      0.00      0.00      0.00      0.00         00     1
 228     0  0.972   -0.01      0.00      0.00      0.00      0.00     86.00     34.00         00     1
 231     0  0.999   -0.01      0.00      0.00      0.00      0.00     89.70     31.90         00     3
 233     0  0.997   -0.00      0.00      0.00      0.00      0.00      0.00      0.00         00     1
 234     0  0.984   -0.00      0.00      0.00      0.00      0.00   1000.00    350.00         00     1
 300     1  0.994    0.00    700.00   -132.33   -440.00    392.00      0.00      0.00         00     1
 301     1  0.989    0.00    300.00   -103.42   -140.00    140.00      0.00      0.00         00     1
 302     1  0.990    0.00    400.00   -118.42   -150.00    150.00      0.00      0.00         00     1
 303     4  0.987   -0.00    200.00   -267.55   -600.00    600.00      0.00      0.00         00     1
 305     1  0.980    0.00    300.00    -35.86   -120.00    120.00      0.00      0.00         00     1
 320     0  1.016   -0.00      0.00      0.00      0.00      0.00      0.00      0.00         00     1
 325     0  1.019    0.00      0.00      0.00      0.00      0.00      0.00      0.00         00     1
 326     0  1.009   -0.00      0.00      0.00      0.00      0.00    274.00    104.00         00     1
 360     0  1.016    0.00      0.00      0.00      0.00      0.00      0.00      0.00         00     1
 370     0  1.016   -0.00      0.00      0.00      0.00      0.00      0.00      0.00         00     1
 396     0  1.015   -0.00      0.00      0.00      0.00      0.00      0.00      0.00         00     1
 500     4  0.992    0.00    800.00    -64.01   -540.00    540.00      0.00      0.00         00     1
 535     0  1.002   -0.00      0.00      0.00      0.00      0.00      0.00      0.00         00     1
 536     0  0.990   -0.00      0.00      0.00      0.00      0.00    700.00    150.00         00     1
 800     1  1.010    0.01   1100.00    252.76   -800.00    800.00      0.00      0.00         00     2
 808     4  0.998    0.01   1150.00    131.14   -600.00    600.00      0.00      0.00         00     2
 810     1  1.004    0.01   1200.00     15.06   -400.00    532.00      0.00      0.00         00     2
 814     0  0.993   -0.00      0.00      0.00      0.00      0.00    735.40    191.00         00     2
 824     0  1.009    0.00      0.00      0.00      0.00      0.00      0.00      0.00         00     2
 834     0  0.980   -0.00      0.00      0.00      0.00      0.00     13.40      4.20         00     2
 839     0  0.996    0.01      0.00      0.00      0.00      0.00      0.00      0.00         00     2
 840     0  0.982    0.00      0.00      0.00      0.00      0.00    159.00     36.00         00     2
 848     0  0.996    0.01      0.00      0.00      0.00      0.00     94.00     18.00         00     2
 856     0  1.010    0.00      0.00      0.00      0.00      0.00      0.00      0.00         00     2
 895     0  1.003   -0.00      0.00      0.00      0.00      0.00      0.00      0.00         00     2
 896     0  1.003    0.01      0.00      0.00      0.00      0.00      0.00      0.00         00     2
 897     0  1.015    0.01      0.00      0.00      0.00      0.00      0.00      0.00         00     2
 898     0  1.009    0.01      0.00      0.00      0.00      0.00      0.00      0.00         00     2
 904     1  1.013    0.00    700.00    -88.71   -475.00    475.00      0.00      0.00         00     2
 915     1  1.004    0.00    700.00    -53.94   -516.00    465.00      0.00      0.00         00     2
 919     4  0.997    0.01    700.00     87.45   -148.00    220.00      0.00      0.00         00     2
 925     4  0.998    0.01    950.00     92.38   -440.00    420.00      0.00      0.00         00     2
 933     0  1.008    0.00      0.00      0.00      0.00      0.00      0.00      0.00         00     2
 934     0  1.000    0.00      0.00      0.00      0.00      0.00    237.00     59.00         00     2
 938     0  0.998   -0.00      0.00      0.00      0.00      0.00      0.00      0.00         00     2
 939     0  0.997   -0.01      0.00      0.00      0.00      0.00   1149.00     53.06         00     2
 955     0  1.026   -0.00      0.00      0.00      0.00      0.00      0.00      0.00         00     2
 959     0  0.992   -0.00      0.00      0.00      0.00      0.00      0.00      0.00        100     2
 960     0  0.978   -0.00      0.00      0.00      0.00      0.00    844.70    469.10         00     2
